name: Python_3.11.5
channels:
  - conda-forge
  - defaults
dependencies:
  - 7zip=19.00=h2d74725_2
  - bzip2=1.0.8=hcfcfb64_5
  - ca-certificates=2023.11.17=h56e8100_0
  - libexpat=2.5.0=h63175ca_1
  - libffi=3.4.2=h8ffe710_5
  - libsqlite=3.44.2=hcfcfb64_0
  - libzlib=1.2.13=hcfcfb64_5
  - m2-base=1.0.0=2
  - m2-bash=4.3.042=5
  - m2-bash-completion=2.3=2
  - m2-catgets=1.1=3
  - m2-coreutils=8.25=102
  - m2-dash=0.5.8=2
  - m2-db=5.3.28=3
  - m2-diffutils=3.3=4
  - m2-file=5.25=2
  - m2-filesystem=2016.04=4
  - m2-findutils=4.6.0=2
  - m2-gawk=4.1.3=2
  - m2-gcc-libs=5.3.0=4
  - m2-gdbm=1.11=4
  - m2-gettext=0.19.7=4
  - m2-gmp=6.1.0=3
  - m2-grep=2.22=4
  - m2-gzip=1.7=2
  - m2-inetutils=1.9.2=2
  - m2-info=6.0=2
  - m2-less=481=2
  - m2-libasprintf=0.19.7=4
  - m2-libcatgets=1.1=3
  - m2-libcrypt=1.3=2
  - m2-libdb=5.3.28=3
  - m2-libgdbm=1.11=4
  - m2-libgettextpo=0.19.7=4
  - m2-libiconv=1.14=3
  - m2-libintl=0.19.7=4
  - m2-liblzma=5.2.2=2
  - m2-libpcre=8.38=2
  - m2-libreadline=6.3.008=8
  - m2-libutil-linux=2.26.2=2
  - m2-libxml2=2.9.2=3
  - m2-mintty=1!2.2.3=2
  - m2-mpfr=3.1.4=2
  - m2-msys2-launcher-git=0.3.28.860c495=2
  - m2-msys2-runtime=2.5.0.17080.65c939c=3
  - m2-ncurses=6.0.20160220=2
  - m2-perl=5.22.1=2
  - m2-sed=4.2.2=3
  - m2-texinfo=6.0=2
  - m2-tftp-hpa=5.2=2
  - m2-time=1.7=2
  - m2-ttyrec=1.0.8=2
  - m2-tzcode=2015.e=2
  - m2-util-linux=2.26.2=2
  - m2-which=2.21=3
  - m2-zlib=1.2.8=4
  - m2w64-gcc-libgfortran=5.3.0=6
  - m2w64-gcc-libs=5.3.0=7
  - m2w64-gcc-libs-core=5.3.0=7
  - m2w64-gmp=6.1.0=2
  - m2w64-libwinpthread-git=5.0.0.4634.697f757=2
  - make=4.3=h3d2af85_1
  - msys2-conda-epoch=20160418=1
  - openssl=3.2.0=hcfcfb64_1
  - pip=23.3.2=pyhd8ed1ab_0
  - python=3.11.5=h2628c8c_0_cpython
  - setuptools=69.0.3=pyhd8ed1ab_0
  - tk=8.6.13=h5226925_1
  - tzdata=2023d=h0c530f3_0
  - ucrt=10.0.22621.0=h57928b3_0
  - vc=14.3=hcf57466_18
  - vc14_runtime=14.38.33130=h82b7239_18
  - vs2015_runtime=14.38.33130=hcb4865c_18
  - wheel=0.42.0=pyhd8ed1ab_0
  - xz=5.2.6=h8d14728_0
  - pip:
      - gitdb==4.0.11
      - gitpython==3.1.41
      - smmap==5.0.1
      - wget==3.2
